source,target,weight,timestamp
1,4,7,308
1,14,10,639
1,15,9,163
1,16,5,984
1,17,9,566
1,18,3,259
2,7,4,439
2,82,7,159
2,152,10,948
2,153,6,762
2,154,4,946
2,155,9,275
2,156,1,352
2,157,8,394
2,158,3,21
2,159,7,129
2,160,1,503
2,161,3,669
2,162,7,687
2,163,5,245
2,164,7,480
2,165,3,286
2,166,9,691
2,167,4,56
2,168,7,188
2,169,5,35
2,170,9,875
2,171,7,496
2,172,4,923
2,173,2,645
2,174,7,607
2,175,1,731
2,176,8,573
2,177,2,3
2,184,8,330
2,185,1,904
3,102,9,298
3,176,5,777
3,177,7,466
3,178,2,736
3,179,5,10
3,180,10,998
3,181,10,156
3,182,9,462
3,183,1,457
5,1,8,293
5,36,2,244
5,37,7,712
5,38,8,689
5,39,2,379
5,40,3,316
5,41,6,998
5,42,3,972
5,43,7,232
5,44,7,790
5,45,3,777
5,46,3,592
5,47,5,37
5,48,3,664
5,49,1,538
5,50,7,453
5,51,5,579
5,52,2,771
5,53,9,648
5,54,10,747
5,55,4,411
5,56,9,851
5,57,2,896
5,58,5,383
5,59,2,140
5,60,8,881
5,82,4,281
5,102,6,368
6,59,7,846
6,60,3,274
6,61,6,210
6,62,8,543
6,63,3,93
6,64,5,36
6,65,9,928
6,66,1,577
6,67,4,703
6,68,9,738
6,69,2,565
6,70,2,386
6,71,8,775
6,72,5,140
6,73,1,797
6,74,2,131
6,75,8,113
6,76,10,355
6,77,8,209
6,78,9,57
6,79,9,101
6,80,3,412
6,81,9,521
7,3,8,353
7,149,4,100
7,184,8,256
7,185,8,230
7,186,2,690
7,187,1,674
7,188,10,238
7,189,9,889
7,190,1,379
7,191,1,508
7,192,1,790
7,193,5,329
7,194,4,88
8,149,2,813
8,150,7,308
8,151,2,748
9,35,10,121
9,82,7,133
9,83,7,127
9,84,9,821
9,85,5,68
9,86,4,640
9,87,1,747
9,88,6,545
9,89,9,636
9,90,4,207
9,91,6,853
9,92,4,653
9,93,6,658
9,94,4,474
9,95,10,450
9,96,10,719
9,97,9,405
9,98,6,807
9,99,5,898
9,100,5,869
9,101,10,123
9,102,1,39
9,103,6,126
9,104,6,526
9,105,6,45
9,147,10,985
9,148,4,744
9,149,10,317
9,152,4,321
10,36,10,277
10,103,4,509
10,104,10,698
10,105,3,949
10,106,1,905
10,107,7,238
10,108,1,889
10,109,5,141
10,110,8,26
10,111,7,661
10,112,10,996
10,113,3,396
10,114,10,78
10,115,6,350
10,116,7,451
10,117,4,395
10,118,1,963
10,119,4,256
10,120,10,192
10,121,8,796
10,122,8,47
10,123,7,717
10,124,10,183
10,125,3,414
10,126,7,724
10,127,9,112
10,128,8,323
10,129,1,674
10,130,1,349
10,131,4,253
10,149,5,375
11,35,3,983
11,129,9,335
11,130,6,630
11,131,4,574
11,132,10,532
11,133,1,855
11,134,7,675
11,135,10,251
11,136,7,426
11,137,3,586
11,138,10,115
11,139,4,165
11,140,1,246
11,141,8,408
11,142,5,56
11,143,10,549
11,144,9,651
11,145,8,375
11,146,3,920
11,147,10,424
11,148,4,727
12,1,5,11
12,4,7,991
12,18,2,78
12,19,3,666
12,20,10,471
12,21,2,330
12,22,7,297
12,23,10,729
12,24,3,329
12,25,1,40
12,26,1,47
12,27,10,948
12,28,1,620
12,29,8,649
12,30,9,891
12,31,7,530
12,32,7,585
12,33,8,317
12,34,6,284
12,35,6,667
12,82,8,484
